15
48 190 10 21 123 121 97 133 81 22 188 165 29 165 103 
132 10 209 150 56 88 81 122 208 95 181 200 153 107 19 
120 178 101 9 218 124 53 141 34 35 30 135 118 203 5 
71 142 94 192 209 149 88 218 56 41 97 198 212 69 123 
178 114 182 51 213 126 85 59 158 96 44 41 220 11 190 
181 74 114 1 10 66 99 95 97 125 121 222 105 216 174 
151 209 187 215 118 61 23 164 44 208 171 129 6 147 134 
55 160 159 117 157 223 77 72 96 203 195 201 183 44 116 
114 123 132 156 184 58 206 175 165 213 70 112 211 123 7 
217 70 171 131 73 192 16 52 13 189 3 77 167 69 176 
17 46 179 91 1 69 104 5 36 204 184 94 6 221 43 
73 11 54 191 51 54 137 110 164 37 95 56 223 93 70 
32 69 144 106 52 144 5 218 194 40 166 208 70 171 11 
185 119 136 28 62 210 219 133 18 134 33 67 19 108 147 
83 117 34 148 19 85 206 120 95 21 97 211 31 131 216 
