100
9539 6026 9316 6399 4082 9922 3623 2551 8884 5133 4375 8158 8081 7007 2274 5964 6610 2234 9851 3237 1099 2041 1245 6164 4469 6647 8389 7498 2047 1063 3474 984 2257 7085 5576 9720 6563 5374 9127 9846 6058 5556 7981 7744 8769 5603 8181 5245 9299 3531 6051 9111 7686 3234 4434 1429 3743 8828 9365 6976 45 1146 842 6432 9154 6500 2643 4754 9276 8744 2070 2951 9869 3635 776 4930 6472 6669 3175 3852 4997 7484 6119 1491 8208 315 1470 7040 8232 2806 5544 4200 915 8708 2060 5980 2449 9264 6060 8482 
2399 3885 7361 8503 9533 3136 7495 6549 2119 8986 3713 3730 4400 195 1137 7654 1903 6628 5153 8452 8802 4616 3521 585 8001 2397 779 6270 6769 4020 9737 1165 6437 8512 9902 6990 1098 6298 3989 8385 4180 5138 1424 6084 659 5497 7546 8610 6741 4235 4463 454 5567 4096 358 4910 1644 4140 3045 5629 4913 3642 7422 393 5679 4296 6795 7677 9298 196 8379 1355 8930 9073 8189 1730 3023 8481 2448 5809 2273 4393 8656 2369 8147 819 2154 7201 8408 9061 7362 6729 4680 8718 3112 1908 8921 39 9326 1342 
5432 1174 8544 4978 9307 6038 1167 2053 7441 2350 6908 5515 5863 4245 9199 7742 9113 3126 19 4579 1080 3156 1949 5690 5927 6038 6621 2707 3726 1510 9747 5619 2249 6080 3988 8128 5705 2274 2922 2316 1873 662 7492 3068 3829 7080 8420 7765 7578 2790 9244 7975 8261 7100 3787 1849 6950 9483 4338 6666 8663 6935 2614 2813 4186 4019 3763 7245 1006 3784 1806 6354 1275 4241 7857 435 970 4594 3224 8674 7205 4522 1066 3988 1152 5052 4700 3513 7856 7901 2222 4538 4120 1177 1460 330 5438 5608 4307 4751 
5003 9248 3221 5811 1139 1945 3537 3227 267 6860 9688 3506 2695 8426 3589 7249 9475 9182 6685 4789 6793 9702 4209 7724 1309 1368 2841 1985 3402 1744 1824 6757 8890 2124 784 3733 8966 8569 2562 8240 8896 4973 5028 7598 7595 9289 7688 5957 9395 3046 6019 9784 6477 5025 7375 2370 2853 201 3804 7578 8256 3882 9274 8632 4132 7263 6438 1159 5793 8924 9311 1597 429 7396 6674 8299 5526 8320 913 2561 8071 4163 7498 8318 6554 1033 1961 7154 5428 6940 4671 137 381 1478 4620 5647 1048 6313 1279 8286 
1836 8896 7398 1931 312 8787 9647 5733 6612 4998 3963 4132 2104 3482 449 6663 7813 5224 2553 2026 8391 3242 2078 3841 2377 8455 4008 5170 8972 3532 5611 1420 3370 1538 5783 1280 2504 6806 6617 2201 3955 8778 9057 3604 2274 1807 2841 5221 3289 2664 5291 7095 2968 2774 9956 4150 5673 3294 8057 4915 5131 1660 4521 7320 228 2090 8978 4265 8232 6419 5803 6685 1022 2390 4870 3446 2120 9172 2858 8491 4373 8619 3281 8391 4435 7348 1093 8998 4830 9900 7619 7071 3180 8840 8266 5277 1850 1962 4414 1071 
3750 587 6250 2364 9245 6490 4508 1061 8916 1240 6978 7966 7726 7415 9016 722 7043 7093 8085 3945 9644 898 3232 1337 1983 8081 9044 7875 506 2949 6812 7986 3051 6941 9054 8692 358 8734 3555 9443 4972 4432 4317 1738 3529 8031 1267 7884 3452 145 9303 9841 4227 8573 4061 8579 8447 6611 6734 81 4149 3689 4454 7717 1045 2270 9972 5885 9742 647 303 1146 8634 6820 2425 7575 3841 6330 2027 627 4463 532 1319 5536 2686 9345 8885 5726 8894 6942 3083 1286 505 1041 7788 6757 2215 7051 6038 2334 
3612 6993 4365 3934 7633 9430 4966 6098 4177 7470 3148 4089 8720 4472 8943 5175 6372 7557 3237 1735 4739 1937 6999 580 1050 1833 4939 8194 4414 5048 523 997 2963 7312 5888 7069 1462 9472 1476 4055 4666 5913 1205 1716 6064 5364 242 4068 689 745 7095 5369 7585 8105 2401 2691 7610 701 2130 5090 8521 5726 4707 7905 6422 9714 439 547 7902 6550 8637 3308 2573 6161 3832 2812 7003 8370 6009 153 9148 8149 4793 2014 4074 6445 2064 2682 5481 3751 5206 3015 3644 7262 3937 5960 8499 4934 2637 5755 
3899 6482 5383 1746 9127 7749 3296 7967 6531 2002 4705 5170 9319 3541 1710 1542 4960 8427 5075 8035 7880 5961 3886 4618 85 9554 6159 3853 646 3722 4642 9499 6072 6157 3115 8882 6550 2597 194 5381 4681 4410 6651 1208 1113 4048 1673 2316 8185 1037 940 2914 7448 2307 1294 8002 6592 4912 4513 9012 2317 6562 2511 8856 6864 6924 5896 3247 9403 7055 9532 1766 679 4776 4652 7082 5668 5183 8328 3919 2768 611 7172 6660 1184 3896 5965 3551 9081 2071 6129 695 4239 9157 6685 8148 5739 7678 4649 1051 
4224 4157 8064 8462 7382 6878 7011 1658 7215 5652 3706 8494 5755 7011 5231 3522 9291 8984 4490 9893 2203 9756 6274 4979 9289 2884 1708 7630 3159 7361 4831 1144 2808 1687 1490 5156 8521 4947 9124 8193 5196 9912 614 8378 4511 896 2458 6418 3706 8343 8105 3109 678 3183 4840 3866 6355 6499 6266 8462 7769 7505 7503 7471 2393 2496 1219 5795 3650 1890 1588 6445 3454 1312 7652 4783 1474 5054 8719 7966 8571 4359 5126 6735 3683 7775 5601 4449 8541 3690 626 7275 2525 9610 3803 494 3469 3200 7169 8010 
2261 8036 5351 9185 5815 8818 5506 3080 5763 6561 2651 5587 8816 1063 12 7551 6434 3189 2019 7649 9933 6737 8058 2545 2583 8510 2955 952 3826 7171 4472 8012 1825 1641 2095 8265 5044 2351 519 3150 1192 8843 1324 4816 8958 9283 3118 5203 5172 9040 2961 2377 8102 3045 7718 7202 4073 1643 6960 5367 9659 121 1171 8762 9546 7260 5323 4366 9619 8168 8409 3092 9801 6707 928 7819 8167 3033 9721 8834 1671 2478 3686 6880 6123 1876 332 2972 356 6275 4999 9132 9290 3423 1668 6652 2815 6397 8205 9208 
5549 3023 401 9552 4907 948 485 2303 7604 9100 6222 7378 6749 7912 6528 5885 7119 1251 3870 1143 7782 9260 8023 1286 3179 3937 9406 5134 6784 6931 88 4613 8269 8596 3166 7971 3718 5829 7240 9752 7742 1257 515 7248 9913 597 2152 4282 7410 7630 6533 3869 2125 8388 6361 2316 2600 7692 2257 671 8754 3053 90 397 798 4790 583 1949 871 5299 9070 8466 9309 514 8336 7902 1944 4488 5326 7828 2870 7543 669 8366 2965 6086 5524 1061 2896 575 4633 4430 9224 9408 2592 7105 7374 3995 6881 291 
195 1608 1191 5362 3285 3975 1775 8894 4672 2948 2430 962 1723 3333 219 1731 1419 5350 3832 6050 63 9719 5017 7735 9479 8630 5842 3051 6099 9950 5409 9417 5231 3492 6454 4240 2934 7304 3459 1363 2597 3411 4039 7170 385 6152 6923 40 1952 2315 4481 2493 9899 5934 6120 7729 298 4769 3624 8768 8873 5835 208 122 4349 873 3248 1104 8226 1545 4576 8568 2603 8157 3703 7995 9651 6374 8706 3416 4418 4987 3020 951 4162 8077 4270 1392 5177 8519 4081 4934 5729 1138 7703 7451 4784 5468 6658 5232 
3604 5893 4702 1660 5532 1098 1637 4336 8939 5793 5299 6145 6998 4977 76 9809 2913 8513 1210 2266 3261 5258 3263 647 7916 2319 5557 7616 2822 1634 4436 966 9967 2076 1145 8451 3098 6519 3636 4092 4324 8488 3608 4585 1332 5662 8410 5990 3916 3123 293 6408 2343 2252 3050 9224 7359 6351 1413 688 5516 2773 640 9582 2823 9465 8142 3205 5827 8643 8108 2648 7471 2986 6730 6776 3531 7930 9118 7099 8652 7061 909 3640 5715 2411 8680 1934 438 3048 5488 5853 6834 1188 2779 370 9695 1606 2412 7531 
9083 2202 973 9797 6583 586 5587 7189 3786 6894 3641 4095 7407 6949 1293 9156 6909 7441 3988 402 7338 5257 2000 199 8948 1030 2120 2285 902 3201 6068 328 4241 8911 6874 64 4672 3393 6849 3965 2825 3943 1488 2136 5333 3383 9147 7745 8601 5904 8788 6784 3162 8055 4604 5155 7828 7790 4435 5452 3692 241 4224 8128 1024 2254 9696 132 6389 4049 241 6451 8540 7748 5008 2646 7902 5818 5709 2519 1742 7092 8405 1159 8977 7158 8079 5964 6383 1271 5440 996 4695 210 1914 4618 2728 4439 986 8063 
7726 6338 8071 1004 3064 128 1528 2430 3844 2549 2935 5147 9968 8715 6142 3836 9859 1893 4198 2149 3430 1208 3500 6837 9385 1803 9337 7104 1522 3198 8295 263 8299 7854 6750 2313 4826 7972 8949 6919 7231 2400 2922 3310 5370 6389 7946 8145 7538 8087 3597 1886 5063 6225 2085 4026 1676 7050 5370 4412 2719 6680 9349 5312 554 1547 4865 1620 7719 6164 4122 6334 8752 8687 7970 2706 1093 4893 329 2288 2806 7235 4135 8167 6814 5396 1478 8890 370 7482 5615 2069 8967 697 5082 1037 5167 6309 3765 3009 
9191 5513 276 9896 6546 2120 4286 7544 6318 7545 5011 7612 3839 7912 760 9990 9336 4355 7102 9149 6731 183 8327 7647 9535 5495 8818 4648 2696 9008 1088 5654 7467 351 6995 4390 8634 3314 103 3579 8341 1561 2284 765 5316 6037 7333 5915 5518 6045 7509 754 2381 6777 7738 9789 7270 1597 7355 175 7292 6973 9797 2997 2820 9063 2139 729 7745 7034 3073 6995 5923 7884 1809 3877 6657 1972 232 9607 3160 7990 4689 1696 1577 618 5093 1283 1578 5463 2779 2774 2252 4712 8727 2489 9871 3573 5732 1299 
5838 6345 9994 2529 6994 9779 5578 5424 288 358 5587 5276 8306 5476 3769 791 4028 2122 3978 9732 4720 2245 2216 5029 1416 2002 1865 7983 6661 5622 5570 5987 7896 5700 2180 1293 9162 2804 5819 8340 9836 1689 8461 3012 7428 2100 1228 664 7102 7284 7705 4676 1980 4046 7637 4913 3284 2661 7741 2839 5452 3319 4403 6980 8707 7392 1632 1205 1128 2660 4444 6966 7699 3249 2714 5634 102 6157 3667 1929 6481 1197 1378 9698 3052 796 3950 3900 1797 6006 381 518 775 4143 143 1228 1557 1407 3149 9214 
9090 4750 6733 3884 7554 5354 1524 6731 501 267 6178 4857 7420 3482 9317 3983 4877 847 9010 1155 6965 6038 5168 162 7462 1968 3857 5838 102 8347 3548 1816 1183 4242 2524 2773 7945 4993 9964 2787 4550 428 4391 1589 6408 5913 9152 7034 8152 4492 5741 6574 3457 1491 350 5874 7896 6975 8850 4371 143 7782 7641 4286 7399 4020 2884 880 1611 9490 7495 2779 3571 14 6775 7089 8898 6580 1310 623 8781 4481 5508 1455 6504 2913 3265 8404 1768 1478 578 2546 8732 3791 5736 5595 6867 5502 1280 6354 
641 9051 9419 7377 4580 147 3196 119 2179 3010 4771 935 1899 9596 932 9830 1210 2811 2191 3973 5766 2359 628 9644 6985 594 9527 2714 3382 1832 3029 2486 2794 765 1578 862 2150 1726 6274 8134 4430 7186 8879 8464 2739 4684 2539 9675 9665 6331 7680 7262 6061 2878 7753 4180 6439 8858 9198 9899 5938 8027 9112 5520 3998 9757 2723 7698 2177 9034 3711 7242 5721 3219 1869 6192 3164 1243 1597 2121 275 3381 5106 227 5183 1188 9959 7859 1861 9205 8404 9031 5411 6754 8370 7823 4779 8924 7176 7989 
7541 8523 1423 5956 2189 7021 6890 2521 9442 8481 7505 9290 3181 4381 3942 8115 1926 9924 2331 4891 9558 3724 7785 8664 2131 8974 914 9307 5971 9829 6745 7504 5194 1592 9892 4959 7602 444 8706 8966 4733 9230 2957 6604 9918 5761 8755 965 7323 8972 8927 162 9784 1546 8474 6602 7467 9805 7020 6216 4451 2768 1900 9663 8114 8818 2367 5766 3321 2335 1493 179 306 467 9095 6259 611 2180 6848 8763 34 811 3503 5898 3904 1691 8181 7425 704 1696 3905 8437 7335 9622 9685 8012 7413 4177 3158 1825 
1118 2764 7372 1997 2485 4794 9727 9398 930 9136 6187 8300 7782 4848 3394 2235 9107 9469 9828 9337 8286 2969 4746 4743 9410 4722 9714 7317 2107 9746 9286 6724 4453 843 1207 3315 8580 439 5385 6950 1750 7391 8498 4608 4538 2163 3551 7472 569 9894 6226 6160 6913 7258 4528 2858 136 2341 8093 3149 185 5087 4412 4883 8166 114 9827 4718 3497 4079 7668 7438 9951 2394 5821 8885 6898 5491 7887 3775 9048 5546 6803 8863 3324 829 3083 8470 4691 4477 7280 2119 9549 9413 7370 4548 3389 6803 7330 6285 
9537 2560 6710 8254 8445 2437 5077 7810 9483 273 7985 2431 3609 4826 3819 1650 7783 5959 1103 6017 3017 5379 4697 7726 5151 7408 8864 4558 4868 8741 4555 1785 9813 9575 8987 2627 496 4787 5489 5586 3736 3493 1010 2518 5186 804 9006 4660 5345 6030 5011 4063 3987 4260 2902 7788 4699 4377 5036 9094 6263 6943 322 5770 7749 8188 1132 8053 5451 5921 7157 6497 2666 7734 30 6004 3300 3322 1832 6368 5234 6963 4268 4091 939 6006 4366 5259 6283 6315 4604 1684 5788 116 6 713 9728 7350 2671 5948 
9835 2842 6577 6666 6972 6789 6431 6894 4524 7249 6377 7807 75 1183 6438 8380 8353 7177 6375 4360 7225 116 4356 69 1460 3743 1536 5280 38 5576 5298 1607 5370 1123 2748 5067 2514 8233 5196 9504 3830 7198 2315 6829 1937 691 1752 4733 2914 4443 1931 9777 7536 7888 609 9060 2888 852 1129 867 7393 802 211 4329 9467 8757 120 6315 1712 3368 7180 982 1850 1856 5288 3650 6572 235 9565 4327 9214 6897 6426 9285 8214 6180 6534 6254 3016 3176 4200 7433 7136 1452 4090 4590 8271 3511 4049 5885 
9473 4642 5064 4245 5911 6606 965 7332 9957 1536 8765 41 9015 7 7078 3729 3092 4575 4418 6487 1915 6051 2845 6250 3427 8677 6906 4066 6205 4677 9697 7323 5498 5632 1959 5816 6902 1671 752 8173 5944 5769 5493 6431 2333 5731 3824 6082 5692 7706 5753 238 7824 4386 737 7992 5905 2390 5099 1438 2154 4074 2325 9623 4360 2917 5879 4744 9131 6206 9538 5208 9741 7105 3807 5915 2837 1843 4403 344 3622 4450 7277 3018 5216 6458 3629 6880 7571 4696 9558 427 2598 4659 964 7182 9801 4279 1223 3849 
4592 9667 2300 1665 1077 2257 6393 8112 8408 6138 4989 8004 7887 3830 9960 6395 9168 846 5323 5861 9666 6789 7821 9777 3911 1050 6778 1406 5016 3405 305 4972 985 2529 9221 3092 1178 9809 4104 400 3265 7075 2703 8351 9105 3983 1813 8854 6868 8205 5389 6566 2035 8403 8228 8587 5184 9689 9021 8967 2339 6828 8528 5368 7240 6909 9602 2120 696 9469 2689 6228 2493 1154 445 4138 188 5599 3550 7185 5206 5913 1843 8811 9918 5136 2443 3552 5202 5288 4765 6588 6866 2022 1126 8906 998 5478 1837 1791 
792 1698 1022 9264 2362 7501 7524 511 2579 5192 5161 2277 3638 6542 3278 4308 697 1251 5075 5624 6206 3439 355 4511 3340 4218 3403 4902 1043 1960 8415 7067 8455 9131 257 366 905 7054 6285 2103 4312 3800 158 5853 6812 3036 941 3394 2740 6015 5916 1054 3079 9969 7390 5865 9336 3082 7017 209 9478 7623 9528 4262 7852 1431 1734 6241 7769 7562 2683 2937 5587 785 9278 9863 6168 5579 5174 5212 4338 8447 2469 4172 6875 6045 9212 10000 3432 399 3891 1206 2233 986 460 1607 2084 643 9883 7738 
8862 8690 3026 9293 6259 6097 7204 1609 1029 9120 7891 2805 2939 5752 9972 8526 2498 2900 7079 6470 9812 2802 8020 8344 6628 4909 909 7428 3406 4257 8847 3689 4437 1430 5375 3724 7764 6069 6177 8641 6524 6555 9650 988 5139 5889 5136 1119 2940 5111 596 5496 6473 1203 1037 7192 2102 9954 369 4212 7890 4434 4842 3749 3978 2917 2332 4252 9384 2625 2850 5 5578 2461 4067 4161 9747 1253 3475 2336 8021 2910 5251 515 9355 6273 1183 1888 5403 4087 1153 2585 7871 5188 5854 6298 4110 2357 4235 8021 
7061 5915 457 1042 811 3244 752 5856 812 2178 4359 8915 5119 1443 8875 7503 4346 4268 5446 2707 1542 6239 3837 2279 4846 608 334 9044 1929 2000 4930 4725 8563 6503 4923 2725 323 1739 6865 4260 2447 5104 4732 4483 6017 4358 365 6828 6452 8768 3078 4014 2071 6295 7351 5025 3700 721 8486 2340 877 1473 3776 4363 4343 1719 5900 1551 638 8714 516 5851 2780 8903 8816 522 57 1392 1001 8817 5152 8145 1611 8203 9209 8431 6014 2004 6755 39 52 6690 5704 4657 1106 934 1219 6022 5332 4890 
3771 2220 9671 2350 5693 7141 5743 2267 4306 6645 6536 3222 1411 5455 984 9530 5919 863 3477 1952 1611 7530 499 774 8246 2542 1894 2289 9255 5206 7340 8287 7852 9301 7421 6066 6109 2863 9488 1855 9652 5483 3538 9235 7587 3534 2255 9237 4851 157 655 5811 6126 6205 7204 311 9590 1792 7020 4723 2099 6518 4722 6429 3815 8196 1152 5146 4798 7693 6196 7589 5850 4173 5365 1084 7943 2331 4284 8513 3659 3560 3675 9984 4054 4226 4716 2332 1361 7732 3864 7333 3739 434 5920 9237 7087 4568 3472 5915 
7876 8764 4490 7838 5987 1897 3650 21 9288 8607 9643 5574 9995 668 9639 3958 1076 8394 6551 1905 4568 8445 1757 9719 2782 3793 5643 1075 9111 4323 6217 8777 4945 5286 6680 1282 4445 3141 4543 7190 7168 3848 854 6954 6795 4643 3294 1143 7532 2258 8599 8331 4304 7592 2062 3096 4654 2165 696 3614 7288 2520 5580 9012 6309 1149 2163 330 5475 3347 2444 3327 2649 9888 2654 4669 6261 6856 871 9178 59 5275 927 1893 4214 5259 5029 8298 5906 5370 7612 197 1681 8653 6029 5471 1864 5919 5194 6851 
6303 7815 2621 7189 1671 3309 7670 8134 407 2759 3214 8944 7895 4146 8898 4121 4951 6315 3914 7594 1250 8972 5788 2212 5867 3182 3463 4872 4159 1874 6775 7795 3505 2841 2090 5005 7415 7089 2131 9085 7736 1280 721 7036 9471 4213 9417 1950 5680 8712 9093 9877 1724 4276 4166 6143 7586 5176 6812 2057 5402 3572 1972 2567 7730 4839 4769 5270 576 7936 4256 6106 9070 9449 7670 8103 7569 6207 3571 2772 2390 9228 9078 2923 2433 6033 3924 8063 3090 4085 3771 8939 5826 8910 1592 2766 8968 3709 6204 2669 
1670 6824 6168 2108 9658 2838 8592 5457 5465 31 7398 6115 2580 5608 400 6560 604 956 4796 9020 4679 9380 1696 9720 425 4800 4306 4314 5284 1758 2059 6847 9349 843 7614 855 9355 1807 7154 4800 5468 27 2904 5227 5615 1173 7709 4349 1003 8954 8289 4618 1996 1180 3775 5680 5351 2299 6069 2420 6730 7431 7175 8402 1846 2853 3024 183 3235 4949 293 5448 4861 9092 4896 5863 4563 9129 8018 1463 960 264 4297 6080 5054 2490 3582 6946 7102 6965 7213 9054 6288 7210 8097 2243 3586 4078 3933 433 
8557 5062 3537 5583 5226 6767 7855 6843 4048 4009 567 2379 3285 8999 6413 3522 9788 471 9091 8939 7836 730 9670 2504 3405 1756 9460 7014 9675 453 6779 1965 8362 6218 7791 2410 2850 7960 1287 2664 4536 9427 9231 8003 2750 1846 853 3753 426 2843 9933 5662 8094 9473 1074 862 6187 8625 1710 3066 9472 5957 1661 8298 499 4281 5668 2274 3832 323 8596 7790 9254 3638 3069 2341 9911 8247 3663 3853 8386 3932 5025 1371 1327 8571 7996 2099 7273 7745 7345 5547 3264 2960 9193 8464 787 5105 4173 5878 
10 8605 580 8623 3434 3977 4418 9380 2759 4695 6575 6011 7614 9956 8928 5024 2930 9830 5285 8275 3241 1634 2119 1135 318 4126 5091 6161 5916 6955 221 1847 4216 7721 7942 6174 5314 1313 6298 1416 109 6459 6154 3464 2631 251 7686 8161 8992 4435 2868 1199 3689 3904 2013 9013 6331 2 1962 1639 2960 6296 4057 3144 7033 6341 7112 8580 7874 1199 2454 5919 2915 8765 3534 7473 4951 273 8620 5570 6785 8673 2946 7988 7833 4830 5794 5531 5549 4805 1372 1837 8287 7557 9040 9205 4879 5755 5094 9194 
4483 2961 174 3455 5618 2414 1738 8429 4782 453 678 5930 4051 5562 5894 342 1 1322 3496 4558 8654 8978 5321 1901 8006 7389 1484 5316 2141 3740 7900 7910 1954 3494 4700 7053 7932 1500 5735 6319 6516 7993 8810 6272 4006 9059 405 8259 1382 9824 5499 5316 9833 5143 6798 2479 316 587 8599 6715 8665 6457 4900 5875 7188 5360 8312 5355 3203 3933 4926 6759 7133 1592 807 1529 8061 4035 9280 7414 5431 1431 9490 5430 5433 780 7662 4344 6866 6826 9787 8551 692 868 4998 4214 8124 2340 6520 6965 
8749 1641 7917 4600 6467 34 6818 7323 3537 9664 1749 122 5101 7287 403 4078 6320 4599 451 5255 5861 1177 7442 1816 4317 5363 6731 9619 2043 4719 6586 2886 9667 7858 1534 3630 1650 2582 827 4638 1544 3562 8026 7803 2568 2557 3361 4181 2965 2718 9611 1575 1456 8291 3531 8515 7071 5583 5153 9279 8981 444 5476 7095 7365 7168 1942 5742 9395 5340 4685 3756 3880 9214 3293 1975 3671 156 6767 3212 9778 5046 9195 5823 5560 4673 1878 3963 8113 2293 5790 7547 1492 5467 2826 7925 1248 367 3 3495 
3134 468 3924 238 8524 7378 7982 4920 9053 7565 1569 4319 4928 6114 3926 7167 509 4329 7029 9994 4796 7055 7382 8218 8055 1475 919 6357 5328 7620 2590 7840 1263 829 2840 1208 4882 7073 7019 9280 7455 5583 4714 452 5759 425 9361 5594 7642 8670 9607 4455 9444 5291 7694 3911 6047 5013 8431 1282 5261 5643 9342 6327 614 7483 9057 3376 710 7162 1495 3920 3190 8265 876 4600 8312 9967 95 1193 7102 201 4904 8662 7639 7360 1539 7527 3715 4817 3774 3377 1962 7814 3675 1814 2433 9 2659 2169 
5298 8816 5292 8059 564 8486 4814 1598 2761 9226 4407 1116 9449 5287 4759 4914 5561 5273 457 6525 7742 4918 8880 6491 2430 3316 768 3450 8211 1625 6481 1107 9363 8727 2434 2051 2491 2022 1438 6245 4535 5735 729 1506 6539 8898 4776 6940 3234 3540 6528 9235 8877 6133 7862 7012 7021 9460 4665 5039 5340 1990 4554 2138 550 3709 4639 7375 2759 3557 3185 8971 4524 5949 7095 8900 1726 1893 4855 6747 3863 1907 6071 667 7439 7044 4210 5456 8090 5908 9248 1203 616 2057 6384 7371 966 2013 3070 433 
288 9538 6058 5549 3276 1756 226 1924 9415 1857 2386 8067 1178 7863 344 2857 4047 4186 5600 3738 3527 8521 1449 4744 7387 3572 1368 4593 9509 2401 2583 2729 824 3747 7420 481 5858 128 3474 8446 8059 1758 9138 944 7406 5679 2653 3389 8692 5653 3803 1535 7717 8083 6829 5972 5776 1720 6569 285 8446 9174 4955 5664 5118 9162 2268 2816 6240 6452 589 4005 4187 4659 760 2094 632 8748 7610 7502 7641 1600 6308 1037 8278 1885 1154 24 3914 8736 5146 6427 1116 3174 3153 3943 2767 1573 8490 612 
1064 8762 48 961 591 2859 9830 8278 594 9542 151 4158 5865 6130 8116 2452 9692 5163 2203 2175 7178 4578 5344 7937 1306 5585 1153 4356 4634 1177 7506 6670 2952 8589 4765 2502 2431 4830 4104 3188 6341 3894 8470 7269 9988 2961 8303 250 3833 6681 5149 7510 5561 6209 1133 9418 3790 2115 1917 7593 4391 9122 7761 3185 9302 5424 259 7066 2754 3360 9932 6898 9971 7984 6547 5117 3307 5901 2741 8904 448 4070 5516 9196 4209 4067 3407 2768 3572 1663 7149 1845 7144 1227 891 9109 2865 8278 4888 7633 
442 5960 2074 2958 2563 3061 939 1004 5399 6506 2340 2936 7880 3708 4348 7984 1270 6140 6776 1980 8553 3330 1943 6702 8315 3641 6207 8391 298 6327 9318 1698 2828 5168 7228 8556 2284 6492 9929 3057 7314 2807 2198 1639 6921 1676 160 2329 597 9636 184 3039 6570 1477 7843 9472 1145 8094 2509 6482 5593 3405 6599 5242 4581 404 8188 8424 7588 4741 4830 44 5094 9544 6192 9707 6756 8667 3113 1163 4368 1441 71 9508 4833 863 9312 9623 7489 3940 7722 3950 3265 4421 3806 6110 2101 6497 9903 2862 
3884 5180 4694 6109 4545 2927 3969 5285 5622 977 6875 7739 6777 6379 6631 2966 9946 2785 5772 4250 8254 3030 8380 8683 5242 3061 9980 6372 4826 8504 3763 9610 966 6382 7938 5769 8738 6383 9375 3395 2340 6237 1865 6322 6288 3013 6590 2290 7241 2213 9582 2646 1205 2937 2925 3038 3456 1195 7106 1751 8213 503 6642 2864 5740 3312 1572 1819 4072 6749 988 6074 2381 9654 6150 3854 5382 2581 7431 1866 4821 2361 1695 7710 5907 1256 3904 248 7471 9310 3112 5656 7808 4685 3928 859 5631 4245 2926 9446 
8175 1012 3498 4354 2876 6812 46 2963 4265 8548 4357 1947 7409 4221 2424 4317 882 1364 5916 5670 6176 6042 2099 5115 6805 8759 7600 1595 9733 4409 5621 3015 1714 5566 6004 8461 3519 2672 7736 6154 1780 7683 9777 5899 5407 3395 6868 9327 8987 462 5603 1416 7905 2416 1900 9024 1439 8032 6081 3971 6520 3744 1768 1649 3315 176 9663 4519 2966 1966 8378 6337 8392 672 1077 994 8764 5403 7332 4517 1756 2269 3310 8080 457 1069 3227 7691 295 3609 1447 1541 5409 1619 6123 104 107 8552 9055 7041 
1935 1361 1972 1795 6684 8154 260 2610 3747 6452 5110 9203 5053 5553 9356 3024 4082 1242 5433 5077 5619 8080 8781 1153 6362 6220 6254 274 3126 5132 1491 5877 9660 8487 9820 7950 960 1508 926 2284 2250 6512 5607 394 6859 6673 8730 6960 2903 869 206 7303 4598 2137 7025 8972 3584 9162 3304 790 783 4336 4214 6516 8135 3099 6843 6184 4859 2018 6448 4888 3687 2336 8206 8342 7220 3499 636 9937 9591 5569 6943 4851 4190 7279 4219 1989 7099 9989 3890 8038 8527 1532 7489 9484 583 3429 4745 2010 
19 8765 7778 2510 7402 3590 9997 5273 1016 4265 8132 8207 892 8867 5612 2260 6567 2973 6912 8976 5027 4036 5238 2591 4650 6147 4116 3002 4722 1146 2858 8626 6190 7743 7832 6033 8183 3599 5630 7859 2620 1493 2024 3687 6505 8461 4995 6485 3322 2428 9948 7959 6385 3446 423 553 5526 7240 6009 4642 5710 738 3144 7794 5405 1010 1637 843 4276 2010 4326 4411 2037 7951 2994 1939 7772 8371 8611 832 3811 3967 7528 9088 2053 9499 2753 9920 498 8286 4093 5232 2319 1947 8371 7735 8971 873 628 8816 
6527 9299 9685 3924 4584 8753 4423 3877 9198 1631 164 7467 1423 8917 4390 323 1028 4129 2255 337 5296 8130 5574 5918 8049 9944 7933 2340 3750 2729 6016 7168 4729 9947 4217 9339 414 9402 1893 222 4531 3208 2892 1102 4795 836 7317 9447 3557 6677 1827 4825 2042 4573 5179 1951 8860 6465 5384 1693 6485 6822 1153 175 5467 9627 2851 8362 8749 3350 4939 1682 5032 5603 5962 8508 9084 8405 9277 207 3003 2106 2040 6519 5096 5833 1047 5726 631 7906 4468 1074 8006 126 9719 7365 4446 5866 122 3166 
6078 2642 7016 5074 8360 7183 6313 5499 7369 3552 7811 7304 3639 1238 699 6093 4188 2756 3039 875 7696 9239 4953 6241 2880 4557 4480 6351 9798 8427 288 7965 5745 6370 1438 8862 2659 2303 2588 2989 6557 1674 7459 5216 8744 2310 5461 3100 35 9593 5212 8131 2253 8283 2644 4810 3628 918 816 168 1574 1908 3516 3237 3106 5352 2395 3127 2474 89 4489 7537 2581 4505 4209 393 2129 1873 5421 4888 4683 8048 4916 7366 9519 742 7631 7107 6059 9241 142 9767 4386 347 1985 9740 6924 5181 3369 240 
919 4378 9236 8532 4570 3093 2118 5865 1824 5250 7062 4591 7269 2405 8202 4714 874 7372 2487 4454 9955 5782 7712 6014 3884 8097 6214 9522 2108 6448 9803 5798 2788 7480 674 6552 5233 4498 9792 7610 5987 2455 4492 3265 6707 2622 2375 6986 8987 5080 5428 2022 8872 5512 3378 2910 1052 2093 9191 859 4205 3459 7100 4819 8803 838 197 8075 5143 3158 3836 4910 951 6823 272 159 8366 3619 4860 2677 8065 6633 5708 2623 6900 8522 9581 1354 571 6459 8633 6194 394 8311 8943 8842 9409 2011 126 8767 
216 9461 6575 5963 5616 8712 660 1826 9780 3137 7232 4802 6040 6894 902 1408 2936 6948 3429 1524 6121 5052 8125 3312 172 3179 617 813 3781 190 1960 8125 5765 5509 9088 9485 2555 7922 2179 5102 9458 818 6153 7558 4239 472 2244 7051 1143 7751 4858 2686 1046 1811 2471 9157 7476 5743 6901 8620 2755 8942 2126 4970 4655 50 5665 4078 5836 9121 5401 6798 9217 3151 1229 5662 668 9346 2115 8867 4595 7619 2615 8241 4467 2639 5412 3451 8905 321 5469 8100 5289 1957 9404 8592 8407 8128 6127 2827 
1105 408 7060 6232 865 4156 5926 738 29 3721 8699 7350 5096 2126 6441 391 2537 9632 9912 9485 1884 2772 3708 2143 7790 2846 243 8783 7770 5732 5052 1426 28 1395 7627 5200 1536 7046 2850 6577 3657 5915 1115 5369 49 4828 9774 8906 3727 6772 7705 3264 8446 4603 1820 8862 323 4516 6077 5142 4123 2729 8145 5198 8851 9421 1271 7514 5945 7618 7444 2 875 5282 8459 1554 2872 1523 9939 2264 26 4163 7129 1657 136 999 3933 6837 9378 438 8162 6687 8254 5444 1993 5426 4888 8647 3790 1307 
5293 9227 5401 3994 5060 4175 6326 9629 8539 7379 5061 358 9669 1682 1992 4917 8504 3873 2112 8062 7067 4494 6969 8802 7331 8513 940 2596 4572 1588 9470 1442 2210 30 7687 8544 621 7234 2509 4288 5666 6895 4811 5064 468 2162 6006 7865 6048 1405 1872 8148 5800 7979 2502 8674 4497 5277 5769 1162 2375 9514 3209 1799 2483 3481 6448 2089 7791 4511 695 3199 1580 9386 2363 6331 2760 6576 7891 3072 5115 4066 4691 5270 3777 3188 1744 2327 240 6959 9610 4753 1130 9186 8411 2129 9633 4574 2923 85 
8639 611 3045 914 1267 3534 7012 2268 895 8154 5126 1359 1088 5939 7613 7406 6688 3884 1093 3899 5361 5616 5970 1711 2172 1035 1375 5470 2562 593 1412 8954 1452 3001 2194 8543 4587 9458 3287 7858 2488 4209 5146 4075 9643 415 4730 6271 2585 9549 2938 1867 6526 9793 2511 6118 1189 9333 4741 3854 5777 3366 7407 9399 6576 4390 7296 2512 9679 142 2885 837 2991 813 3015 7129 8255 8700 3707 8992 9729 3443 9507 942 7576 8734 2780 628 2453 6287 7460 1148 8466 9780 9362 9908 5758 4775 3805 2779 
6784 2506 1498 219 2767 4089 6310 2405 3775 8860 5432 7278 8419 6850 3848 1879 5329 3403 2166 8016 9083 4409 5837 2335 8489 6362 6584 1210 1348 6283 1474 4969 5790 5168 5949 4994 3448 9166 8520 4531 3403 5110 1193 9607 9798 6778 8683 9234 9082 9874 5241 3674 4810 1720 6534 7262 1702 5127 6149 851 7079 2440 3656 9625 6821 7922 7956 8988 8179 1422 6399 9023 388 8049 2043 5851 1237 4881 3823 3881 5066 3511 5845 447 7328 9349 5734 1502 5173 610 5855 9983 8847 1187 6843 4273 2665 8339 7008 6339 
9519 4875 4025 1392 3084 4377 1094 8494 9383 5217 9779 4510 3019 4411 5507 4620 6095 4990 7623 5538 3229 2 473 8914 7846 837 9166 8626 2481 5597 2152 9579 1466 4728 2947 3026 6752 97 1291 3408 8974 7855 4984 8336 7119 1473 786 3113 1003 8489 8214 1017 8477 7237 3518 4670 6044 9377 1486 1573 1141 3701 7348 4229 8504 2007 8185 8046 1486 7123 2528 8174 7025 1774 5627 2949 7772 9063 860 382 6652 7621 7691 3283 7757 5458 7074 196 8554 6438 3802 620 8517 886 9415 552 9987 390 1427 2540 
2381 6915 6540 6275 8924 51 9401 2971 5978 6038 10 3550 4978 5525 2919 6348 8408 5763 824 5335 3219 1712 6181 466 2398 2743 3862 1637 7577 9659 4309 8622 6091 8885 316 6189 9499 1491 8303 9088 1319 9165 7418 6257 3008 6483 1194 5540 6005 5466 8023 9835 9904 5375 8660 5656 2238 2472 217 5752 2952 2513 1488 7392 8472 5506 4197 3304 8774 1723 8536 9088 645 547 3917 263 8822 9939 3691 35 7688 465 7981 9517 8499 690 1607 8549 2284 4914 371 4659 421 9841 5590 9970 2147 1853 1899 9963 
3843 4911 7718 8919 7500 1786 3961 391 4109 9070 1677 185 3158 7673 7945 3730 7836 9383 7217 7860 7559 9859 9673 5041 434 961 8356 3341 47 1063 8679 8668 6952 4392 8886 2324 6747 7244 1771 835 1464 359 790 112 5268 4070 3687 9261 4494 1044 5735 1050 6833 796 1335 7388 9333 6878 316 1134 2906 8319 5093 547 5885 4971 1467 511 7259 1831 4073 9072 899 1174 5979 5570 7316 9103 3948 887 5376 6875 5932 2818 2743 2328 873 2739 9923 1717 5122 8880 828 1391 9361 1820 7734 1255 3421 8041 
3493 5203 2236 2960 8949 2012 7705 4426 2662 6923 6553 1079 7873 3523 8455 3976 2955 3077 3645 9191 6884 1673 5490 4774 3310 6361 909 7723 7123 4924 5056 484 9821 2488 6800 9951 346 8229 4095 946 4628 526 4127 1704 4158 3400 7243 3470 459 6196 1644 1687 6284 3744 6878 1923 6082 8670 8466 501 5568 8148 717 8086 5786 4167 8623 8676 2193 7123 8041 7676 424 6750 3937 7040 1079 4438 7996 3953 1766 8041 3002 5978 380 6024 4895 4049 1396 7448 9480 7190 2161 2253 4378 2435 4544 7816 3222 9816 
7423 7499 7988 9076 1651 3861 7787 317 1245 5272 3711 3964 2645 8753 9588 1152 9698 5189 2507 6484 9731 654 3450 2216 2332 2774 3595 3105 2264 3465 7813 499 8804 1533 6378 8761 1083 9255 7142 1150 5599 54 4303 9662 6305 5224 5422 7588 1430 6593 129 6414 8091 7984 5682 7237 4111 9814 8082 1045 202 5058 1564 694 995 7193 4146 5681 480 7490 8513 8546 1859 8075 6438 4956 5209 9702 1434 7494 837 7847 5350 4129 162 9055 4556 4957 8531 9852 7858 9162 5808 3662 5072 115 5816 7526 5149 3704 
5517 1777 3739 2151 5333 478 7436 3078 9230 2711 3621 449 1888 9171 3171 7577 4956 3355 7995 6167 3637 808 934 8826 1218 6514 6920 7630 6173 9446 2982 2566 8096 5858 6115 2028 3587 9113 7284 5368 5527 1286 3737 6304 6466 9372 8977 9428 2825 8973 3495 7261 6029 7493 6515 8850 8258 2318 5172 4359 1377 2432 3316 8456 309 9127 9088 4255 6895 794 5208 9539 5071 6828 9183 7724 8292 10000 6048 9805 1158 2084 3069 6253 707 3098 8777 8468 7136 1077 8447 1443 5577 2730 8385 8115 8794 16 6008 2739 
1379 925 5360 654 7324 4906 4667 5714 3007 2548 5210 8254 6455 178 3307 7748 7870 6576 663 5202 7852 7554 292 5999 1879 1859 6896 3432 3278 1101 8439 9414 5980 8985 5666 2057 9674 4561 5309 2542 5148 8921 6627 1652 3898 6667 9042 204 5956 9955 5725 2677 1552 4963 2742 7227 1126 8284 2843 5147 3165 9490 3213 1142 6536 1274 5198 725 8388 7694 8116 566 29 4785 6077 6924 9227 9385 2335 162 187 795 570 8076 7618 4308 4993 8967 791 9724 4791 1620 4720 1614 3441 2999 3415 513 3968 5398 
5242 701 7703 2782 5330 3799 2810 4197 4307 9361 2154 9298 6519 1192 4384 5411 1285 6919 9548 881 4797 3340 6888 4615 9825 6220 9941 1301 5012 7486 792 5870 6674 6559 178 1315 3343 1854 5662 1028 905 2387 6151 8185 2002 6039 9741 4625 2044 1270 1347 2115 4419 4053 3356 2698 7473 7745 4866 3549 475 3993 3183 7489 2055 1345 2230 1072 347 1540 4850 6604 8907 5140 572 1777 6177 5417 7876 3309 2721 6073 2021 7630 8688 690 5141 5196 7858 3100 3654 3614 1718 2373 7063 2528 7681 8314 5545 400 
3719 3359 7773 3860 672 1356 9778 816 720 1031 5549 4022 4762 1810 3568 3506 9808 9227 6475 5816 7385 9719 3908 2965 9296 8089 7348 8138 1145 3811 6808 8837 1495 8973 2976 1612 4874 876 1396 6606 2915 4252 5633 8637 1890 4038 4209 994 9380 1694 6384 3557 6850 7526 4208 6375 7244 9319 4950 4196 372 5002 5516 637 5034 3341 7300 4504 8491 4858 7516 7598 6414 5606 9955 2540 4392 5463 4225 621 2460 7067 1104 6070 6058 9414 5446 2557 4843 4617 1627 8610 3012 8736 5868 951 1394 1291 8122 1898 
1196 901 7000 3909 3887 5711 509 3568 9218 1858 3944 9553 1798 8977 9418 6009 5649 8615 3813 7427 9512 8556 8270 3068 5459 4369 5470 576 220 2155 5764 3108 1748 1910 2116 1959 3603 7907 2279 6976 7009 424 3483 2754 5876 5323 8690 4001 1701 4205 7604 9843 8737 8867 5329 3103 5525 951 293 6470 9938 5535 1984 9746 8372 1292 1919 4596 3249 9887 7560 7004 120 7534 9228 5184 9981 7973 8171 8840 3645 8789 1710 3868 2720 7865 3491 1266 9662 9821 792 3137 293 2810 7300 8260 2784 8147 486 7942 
3060 8014 9107 3372 4549 6567 7941 5597 5049 6202 9780 372 5292 1171 4420 2135 5917 4035 6381 5251 6623 1152 4876 835 6804 4313 2363 981 7923 7519 3512 8089 8279 8650 8299 3890 236 3206 4813 5558 1811 9720 7435 4010 471 3724 3437 7123 4309 4305 8431 5266 1697 186 1764 3621 981 1093 1736 7711 1664 9436 5455 6148 718 6028 8823 6444 1592 4824 828 1047 68 8817 2664 8841 5635 373 4357 887 2199 4608 7412 7040 7355 7119 6597 1660 443 1554 503 8187 3254 8091 3821 1184 1160 1812 5540 9451 
9814 2706 813 1354 5833 7534 5366 7751 594 539 2342 4814 9404 1342 7562 3448 4403 2380 9611 3115 6495 6364 8347 229 2075 7298 6801 6762 6374 7526 4256 9928 9025 3587 4064 9580 3492 9821 384 2251 2650 2907 6666 4014 4927 3853 8894 9160 9723 8928 1960 5432 3952 4349 8418 7914 4792 5907 3456 393 2837 5035 1073 8111 1437 6103 1674 1725 435 7144 657 243 5065 385 794 1163 3867 8744 4871 6269 9094 1726 7201 9294 7619 1021 7608 427 4558 7154 5599 6826 7881 803 2249 2647 284 4245 1281 3105 
742 2234 3156 5978 9380 2740 1918 5430 5146 235 7281 5937 7285 6892 4988 9205 8034 813 8958 5173 6454 4010 4679 2302 4891 385 3996 7514 2447 1451 3158 3012 382 7635 8451 6490 1516 2211 9618 7376 3377 3266 6289 3192 1972 6921 2030 2335 3181 8398 2785 5924 1392 4309 5323 6813 9611 3157 5960 3188 6317 550 6861 7274 6270 939 778 6257 357 2543 2076 7253 999 1829 9690 1844 571 9574 5212 2994 4082 4177 7768 2101 8684 9693 1679 1674 2382 1619 8166 7162 8191 9167 989 6324 5940 9162 9514 4427 
314 8940 5595 942 835 9921 1719 4463 4574 2441 9802 4422 7011 8283 1001 3628 168 5086 7727 6092 8946 474 7352 4010 3066 31 2101 4085 4889 742 5856 9535 7287 2268 7373 2403 3161 9388 3195 1548 8486 2565 2448 6297 6680 9411 526 4488 3870 8254 9388 2829 6570 7748 8821 1978 3257 5226 4578 332 8699 9494 9674 7611 2171 7642 6783 9320 2616 5748 953 1738 9885 333 8454 2108 6801 1194 7881 6310 1618 4315 358 5353 9158 3468 6803 6362 3582 4741 6225 2515 495 8443 3821 8746 7854 4001 1693 9613 
3677 2004 2594 1561 6598 6509 4930 7668 6457 2004 1816 2863 4979 9415 3279 1574 4360 3983 8577 6699 6167 9939 3835 4727 9685 1788 2408 3282 8135 5117 1652 6793 2264 4286 839 5293 2746 322 4461 1731 3045 4208 7927 7258 1729 5712 9645 358 5103 7786 6946 3986 1053 7982 1746 9109 9563 2583 1710 150 4303 4872 493 4569 7893 9082 2843 7758 2473 289 397 1322 1426 2642 2439 9276 8730 7660 2664 7964 2678 9993 8851 4247 4483 5321 3519 9601 4376 8920 415 1503 3064 6847 255 4078 2506 9704 5783 6563 
5904 6679 4623 3034 943 1533 7514 1744 2907 9381 5804 2410 4540 4714 7067 4752 2937 2018 7144 5742 3822 8503 2630 4707 221 3972 6653 8369 9765 5367 1768 67 8030 5889 7671 4156 3506 3090 4813 7522 7498 4695 5214 7401 8335 1060 1078 4248 7017 1062 1779 3882 9253 6738 5741 7618 7223 5909 2606 6847 1677 9589 3231 7159 7351 39 1881 1722 3854 5270 3870 1142 1239 6612 4235 8296 343 7898 8583 7943 3285 342 7486 1424 7700 9663 983 2510 7122 535 3325 8906 6414 3958 2640 4554 1823 6925 9141 6324 
404 9751 7644 2393 3468 5722 5323 2678 2198 6482 5999 6553 6920 9269 9382 3845 8826 1416 5319 2357 5237 1079 2075 252 2283 3979 8503 7228 3668 5480 5426 893 7551 1039 82 3782 4361 6505 8039 9827 6382 3404 6022 2388 7073 2512 9823 4924 6821 2907 1064 2719 2595 8454 8559 9158 3333 3497 923 7168 6519 4574 9400 1547 7208 8328 2233 9404 485 3805 7815 3701 9857 7426 923 7717 7711 9463 2265 3833 3156 9934 53 6567 5828 9520 6630 5909 1884 2507 9319 8431 2327 3511 3418 2879 9388 3777 3556 2955 
5560 4925 8816 1089 5080 3904 5218 2868 4370 334 6238 5399 9250 223 1379 8244 8790 2540 9801 6812 4483 1027 7991 6917 4163 5675 9059 1722 1525 5427 9138 9859 8706 7704 612 4174 9632 3033 3688 8252 6124 1347 4025 9029 6432 1421 9490 3188 694 7923 3223 2285 4485 4624 9999 5242 3467 6188 5328 7404 1027 2923 1986 2976 105 1864 9776 6505 794 2666 8507 8318 9619 5053 8705 9291 5430 9756 2437 4693 3563 6769 5828 9357 6864 9432 9655 7392 5005 6970 4666 3431 8557 6878 7981 7604 9249 7103 466 5450 
2817 4198 8809 8224 2362 3424 610 475 3862 903 7134 9793 619 4439 6640 8469 8911 1575 1769 7874 3118 523 3994 8463 2713 1423 3582 3881 6040 3199 1628 7621 1364 453 7917 7440 7998 1324 2256 3044 934 8919 2081 718 4769 9781 8383 98 6597 4328 5227 9436 1148 3893 1962 1641 1420 2159 2533 8298 8493 6282 3018 209 6906 3434 4747 4009 6522 2660 185 9297 7480 9033 9073 6822 2896 3112 7255 6967 147 8062 1566 5078 8792 3063 1063 748 1075 1418 7089 2616 5230 2985 5461 3854 1256 4401 5757 7591 
5852 8607 7492 3631 6101 4546 7052 5687 9764 6356 9450 2107 7104 503 7513 5326 8702 6134 7807 5760 3678 7109 2963 7618 5754 5963 2927 8512 5020 4187 9350 7874 1096 5407 810 5794 3960 737 2482 6941 8711 6599 3267 5615 2390 9018 5159 7271 3320 8541 8720 5198 6786 8379 766 1150 7330 1827 2881 2283 4518 4994 6324 1795 4942 8389 4797 9893 4469 3845 7294 3571 2496 6854 5130 5557 3322 2583 7732 9813 6330 9967 996 7558 7374 5541 199 3646 3314 4231 8328 2329 393 5659 6891 3958 2583 3760 3412 150 
2234 9050 196 4030 1978 8218 7277 7802 2715 1355 219 7253 2998 8234 938 3207 4090 666 8033 6322 8168 3922 8852 6560 612 8674 2182 6807 1548 5590 6097 1405 567 5833 7709 8327 7881 1532 8894 111 6082 6637 4788 3085 2193 3757 5012 3155 5901 1568 565 8423 8538 7314 1194 9423 9331 1689 1267 5034 9454 3946 5314 5900 7192 2033 2223 225 1204 4106 8794 4464 9510 9118 8508 516 496 8455 9196 4383 720 6205 1802 3863 8253 540 559 5499 7493 7102 2733 4499 8234 7769 7312 3702 3085 2968 4232 2862 
5929 7860 8460 3912 325 6712 1450 9653 3254 7843 3941 2479 8619 1792 4533 9168 3057 2451 8649 7083 1412 1108 5832 2540 5057 4460 4057 7717 1325 7729 2892 3531 5965 3823 8700 4010 4387 6056 4087 390 1800 5639 4997 1974 9294 9227 7461 1575 5955 1112 7916 2007 7340 7007 5780 9188 4971 9073 8294 8233 8204 9043 6197 5073 4703 3777 9487 1489 2849 5767 6415 277 2708 2042 4932 7405 9562 2426 5428 2311 4372 6400 5077 4562 1218 6750 2802 5943 878 2076 2234 3257 4417 5679 2829 2472 2832 8100 5941 1918 
2257 8087 1741 2809 1521 7926 9280 1288 5217 6961 486 8974 9344 7968 8857 9542 9551 9927 8367 1613 2960 4929 6548 3471 7832 7149 3391 6738 2657 5841 1394 700 2167 4968 391 8978 7750 6797 9068 6737 114 2027 5926 3029 327 3882 5020 8727 5531 1450 7109 1065 6996 1888 2551 5149 6268 7753 8868 9033 2360 2311 1651 4615 4040 3564 2007 684 1832 628 8117 344 820 3695 7174 653 5952 4033 8216 8348 4797 7868 3125 6369 3780 8631 1918 736 8896 588 4113 3792 9876 276 7364 5976 6785 9999 8822 9725 
4564 6453 7419 3966 4695 2356 9687 4035 5529 8079 9505 5154 5773 4130 5818 8218 5812 6907 9099 103 4119 5093 5563 9391 1411 6433 5447 3870 8577 8870 5988 8721 4134 9892 4228 7155 1581 3086 8275 5945 168 5255 6866 9772 8873 9805 5282 9909 5219 150 9727 2090 1828 6830 1700 2284 4371 6720 6575 1131 5825 695 5010 7756 2360 3735 2981 6299 1934 2471 1708 310 4155 6132 9684 7648 8630 1716 5194 8906 9750 4178 5482 3022 3026 9493 5814 6941 2328 1657 4760 2720 6615 6423 8112 698 8386 8083 7477 8422 
7278 3478 679 2419 5047 1247 7812 6483 4241 1878 384 4962 8518 5873 208 5295 4573 7196 7603 2415 4569 7338 2060 2562 7064 5351 9432 9651 1574 4380 7422 7615 5959 4342 3989 8277 5381 2519 9230 8602 1509 3799 3184 1259 3686 1396 4640 1067 8960 3598 4182 8414 7999 214 3303 1827 9953 4934 551 3242 63 960 1213 2108 6047 2452 4850 117 2743 8831 4036 2065 2711 3164 727 6463 534 3741 8663 7962 5919 7570 9355 4327 9356 7921 9415 6724 2094 7149 830 865 6091 615 8644 73 5384 213 8726 2032 
3117 1264 2934 3419 5668 9833 2400 640 8892 7598 8413 259 8242 5606 3395 7974 8430 2177 7273 2744 733 7612 7930 7867 9998 345 7493 7694 6353 4109 5799 7720 5056 4215 609 343 8400 106 6738 3599 340 8644 3662 3649 5573 3148 2016 3145 8123 2932 7223 7282 3210 2886 2346 8812 990 9016 4991 9434 4224 4523 3825 3949 3432 4962 6995 2803 2992 2530 9781 1857 7668 7441 9363 4545 4827 8186 5541 519 5857 3352 4374 8327 6236 8366 5258 3782 9559 5655 8404 3801 22 4082 6318 4584 1548 5800 6662 9304 
4448 7337 7119 4266 3635 5119 3251 1314 2126 444 8502 7113 5070 920 3052 3584 3287 1973 8105 5293 3262 9007 749 8231 7413 5137 6576 231 2578 2671 2786 805 2092 7260 967 6149 5783 4537 2522 7287 5375 9598 2438 1191 1870 2465 645 8838 6477 693 5858 3742 8566 910 9217 64 4065 4796 5558 6199 9462 4541 7318 5354 731 8994 4455 6259 4159 2175 1417 4226 5805 9551 3343 5151 8479 4254 6383 8878 856 4585 522 8259 3290 2490 3504 150 3784 6905 932 465 9716 1021 7767 5346 3521 7126 4640 958 
8963 1249 7210 8985 9390 4549 5822 1497 779 3255 76 5927 1761 389 9650 8310 1459 9942 1005 1617 120 5019 7985 6054 7487 4646 6158 7548 7759 6556 7626 9876 2425 3054 3693 8317 7175 2748 5990 2509 4053 2886 4128 8813 4055 3563 3881 6583 8853 8791 9896 5089 2795 2983 3954 5382 5888 7176 1879 3260 7352 6410 7104 8471 661 379 3914 233 4907 2607 1557 9689 1642 8811 6791 960 6502 3461 9915 868 5055 2248 3139 7587 2438 9114 7538 5190 1794 146 848 1148 6702 6886 6604 5614 4097 336 9383 5423 
5706 4271 3234 6547 3798 2598 5406 1218 3995 667 6051 4428 5640 4467 1492 3776 8030 2011 1268 5218 3618 5306 8210 3952 7819 8512 6379 5596 4257 7668 1513 258 2941 5265 6915 5613 8401 2292 1033 2883 9210 7902 3522 591 5934 5167 8728 4166 9334 2052 7990 2753 5831 1376 9518 3473 774 4820 7939 9331 6818 738 1139 6143 9955 4781 2034 3730 5496 7836 4477 84 2337 2099 7003 5211 2896 7277 4251 5450 7416 7240 258 2574 8309 7607 8219 5980 2825 8440 6191 7323 3096 4530 2663 5228 3045 998 7480 4689 
760 669 1849 1737 3520 140 6318 5771 442 2845 3416 9931 7163 5629 485 4907 1944 3098 6204 3944 227 8174 3068 1637 6735 1914 2811 5762 9684 1741 9464 2908 8256 1400 7320 4069 4820 2129 2734 2034 6118 2557 892 7540 372 3096 290 9478 3761 5509 2689 2571 6046 6996 3072 3449 1766 6702 7244 5274 6462 3707 2286 9543 9170 39 7403 4628 7582 4092 1369 5850 8655 4778 8688 1950 8259 599 1191 7876 8395 1901 622 368 2881 80 2466 7442 6973 379 5254 5031 9041 9439 3741 9378 4776 4796 4881 782 
4069 239 4425 6507 6084 5640 9095 760 901 4040 1636 8096 7530 9467 6263 3910 5942 3600 8797 6881 9134 5916 5123 4814 547 856 5726 1039 3949 4638 7307 6145 5208 5751 9149 5263 8629 2452 3384 2163 648 2680 7251 6758 1161 7818 6633 5692 8849 8851 9497 8324 8346 6672 8801 6250 5192 9022 1383 1463 5518 8817 2865 6407 8845 4060 7759 4367 2159 807 3510 2202 7503 6296 6538 1873 5070 4792 3 4052 4763 3764 4542 5973 6889 9069 8248 954 3355 1698 5085 5044 97 8010 4137 2230 1671 600 7010 7225 
2113 5608 5499 3255 1185 5216 4303 6986 8503 5599 3446 9584 8806 1423 2861 6111 2966 2966 2657 176 6756 4380 6444 7042 6208 4102 5181 5190 3132 4028 3241 9829 1245 557 2371 850 2494 7873 6805 7248 7083 402 923 2204 2836 4806 7090 3864 1115 4697 9119 5118 6607 7608 4259 283 4129 4682 9299 940 4897 5728 730 3355 8652 3768 2249 5813 9657 6109 605 4863 6456 4505 9079 4024 1285 1415 908 415 4044 5374 7717 7120 5727 5734 1337 5087 2507 6879 4281 1085 245 5163 2059 2019 1289 4848 8522 7015 
1001 3759 1459 6400 6404 3203 8959 5844 2862 6227 7155 2511 9799 9784 7638 3518 9916 9974 2561 5518 1948 3122 4421 4005 6061 5556 8569 1875 9458 1415 744 5481 2487 9036 7456 9274 6744 3647 782 5597 3994 6319 6685 7241 4215 1115 9254 1305 2223 923 1689 7331 1195 2524 365 8492 531 9192 7604 3309 4603 6567 150 5794 5977 483 3033 3105 4113 4508 5869 2425 1612 6709 5218 5399 2370 3223 9534 8173 9090 5029 1866 1232 6711 8657 4719 5714 453 4088 6126 33 3409 8202 5763 2636 2704 1231 4165 5777 
728 524 2566 1691 6505 5230 9968 330 6774 3132 625 6034 7589 1552 7086 30 788 8485 4292 4859 3676 6245 2609 8570 7387 7625 2652 8614 3318 4115 7577 3543 3329 3717 6619 7258 8018 4466 2568 6024 9123 9718 8221 1222 2893 5283 8231 5072 8495 6016 2952 3492 6298 7856 7302 9202 4057 4746 67 674 7581 8547 2413 1953 6211 4837 6185 8851 4650 4471 6751 4484 2007 7365 6161 7309 911 6661 3537 4569 3502 2778 8949 1123 3744 6561 8683 8458 671 1616 7855 925 5515 7219 3088 1069 5421 9291 9166 6508 
7892 5381 8724 4174 2443 4623 8185 8417 5043 3944 550 1429 9936 822 9508 3128 69 968 1108 3709 69 2852 9699 1180 3826 6884 3016 8020 4489 7840 875 5796 3319 4818 5547 6913 5535 9130 2985 3456 7372 7835 2146 7846 8146 7184 4425 7874 5252 9559 8702 6971 4270 7046 1538 3801 3990 1613 4371 1118 3625 4138 8287 4510 4439 9046 9537 5152 3877 5975 9547 3219 9500 7112 4451 6512 9418 5414 1019 573 3141 6936 6991 5790 3940 3744 8254 6401 2175 8199 8416 3924 7878 8359 5555 2833 5123 1315 298 2426 
8160 2384 2769 3564 3253 2571 6595 6162 1463 9980 5697 8863 9611 7418 6540 9585 4383 7910 6240 3147 5263 5194 3719 4223 2690 3608 2621 4883 224 7893 8648 2197 2432 9559 8612 4862 6416 4734 4059 1247 6063 2902 185 4666 7136 7841 9404 3887 5649 4697 1628 3655 7943 4446 1609 2794 3218 2918 4419 4152 4709 9007 6750 6497 5651 1916 5716 4587 2801 3722 3246 9512 3420 1207 7984 3415 8863 927 1650 9372 3894 837 9321 2897 8442 4541 656 7999 616 9904 3151 9835 460 4654 1008 8634 5666 1041 1119 9935 
7505 5841 9174 5511 1960 4824 4059 9258 6336 1756 7621 8306 2130 3614 3574 2837 2568 4295 4031 8398 7864 3989 6116 2469 4515 7307 8664 998 9976 1913 7047 51 3142 3486 5991 4624 8975 5231 613 777 5257 1157 7525 7809 2180 1837 6192 2151 3821 3566 2366 6817 769 3376 5807 7245 3610 8023 1982 1320 4683 917 2729 5946 3825 3305 9331 1744 3182 6389 3564 1836 2942 8713 9683 4061 6872 806 8687 9646 4499 4518 9148 9889 1034 313 3582 4961 1342 5841 618 382 3186 4071 6683 7732 7724 4149 4094 2976 
7998 4235 4197 9663 4099 7415 8013 3481 2031 5978 1824 9482 3304 6959 2542 8553 5623 7879 4214 5255 9644 9432 3624 9591 1894 7588 6240 4289 8863 8727 7872 3245 6808 2581 6953 8346 1727 9520 4798 2286 3953 8527 5571 2872 6341 7422 6605 8636 232 9518 206 5665 3797 398 4664 6801 6391 285 4337 3019 450 9405 56 4117 4207 4154 7619 3598 1600 8659 262 3641 4096 8035 2804 3755 2737 6957 8087 9245 2218 7568 9934 8503 7828 810 6309 4437 9475 5072 4951 335 5631 6516 8444 8032 2179 7964 4714 4414 
3541 8528 7569 7439 9282 3314 1124 7545 432 5665 3411 7017 2449 1235 9026 1611 8382 2752 3803 34 7910 5654 7855 5481 1947 959 8718 3692 2766 6405 9321 9743 79 572 4921 6635 4429 9839 9837 5563 7450 8759 3775 8845 8210 4015 9206 1752 626 6883 3837 4315 2174 1633 7275 7389 3545 6830 6003 547 1664 5329 567 8496 5263 1552 3995 2461 340 7179 8485 7071 2376 3725 4416 1751 7494 9616 3332 826 8346 7479 7874 6711 8528 5586 5965 1077 3836 5317 120 954 7060 596 3735 8310 185 1480 5152 8268 
421 3963 9210 3401 7511 7778 2264 2135 3653 5112 1787 6828 7879 9093 6209 8246 196 1553 6968 386 1685 2903 1113 3981 8826 6133 6089 8664 2964 4823 5021 4615 8599 2913 9457 6391 9827 7450 7024 1843 1525 4073 5868 9172 91 9114 1254 759 7634 7626 7011 8803 2282 2223 5295 7274 116 9963 6648 3646 2683 2593 9236 3197 5769 2468 3834 3918 3647 4652 4051 6146 2924 7249 5562 1299 2778 6369 7287 6610 8798 5319 4229 5023 6764 4470 9842 3107 6523 4777 3888 1934 8616 3122 9388 7219 5754 8062 4594 520 
7890 9663 7748 453 6638 2759 1566 4630 2566 871 1453 8141 5025 6008 9711 7485 3299 783 5416 3374 5100 2283 9571 7050 9551 92 7523 9729 6743 3052 2039 2587 6737 8640 9897 4289 1754 517 275 1079 9062 7682 678 3565 7534 8425 5412 4801 250 401 7339 7463 3145 3843 4636 2769 8374 7439 5103 7949 3455 8853 7055 6330 4201 3269 4786 294 8631 7148 8914 850 565 5465 619 8616 8654 8954 5099 3404 9685 4166 2845 7959 6430 1080 425 6201 4570 6403 6331 706 3576 2199 130 9061 7844 7060 4088 8096 
6820 9403 2265 2388 5089 6038 497 5797 1322 2004 2570 2517 6271 9044 3003 6769 4785 9376 6710 5407 1349 9049 8681 7373 9567 852 6086 564 7268 1378 4431 5282 7044 7563 7095 7551 5246 1642 6652 7175 74 2168 6127 9474 1040 704 5220 1727 6014 5982 4267 8808 8721 7781 4159 2725 1493 9163 2440 9166 2940 2109 8223 7048 14 4587 9149 9163 8040 2313 5744 7897 4223 8567 9173 5255 9085 326 4833 1130 2592 1628 1910 724 3622 3495 5233 4286 7433 2351 8531 3994 5510 1961 6942 6342 3890 9257 5317 8147 
4159 2732 886 2190 7828 9360 170 1830 2632 1220 2187 1181 5642 9541 20 1339 198 1939 6286 1103 8542 9451 7440 5114 174 7806 9876 6369 2623 624 5271 8692 3739 8560 3668 7963 9879 2590 7267 8079 8835 5733 9325 4862 3108 5615 8492 7623 5045 7026 5716 8118 2663 8289 2739 9274 4082 8298 6907 9512 7133 4096 799 4745 3276 7897 7610 97 9466 5365 2764 9017 1007 246 3883 7835 9517 6290 9963 999 2620 5655 5051 4248 8324 5653 9754 6226 9501 6764 3444 677 8638 2255 1590 6089 2808 1738 4387 7002 
1702 557 5731 8067 5998 1640 598 9833 6118 1291 6996 3694 2123 8009 3721 8812 4212 7347 3128 9784 3265 2754 2671 7867 6724 1372 564 7886 5488 1989 8380 521 8463 9529 7091 3642 8914 2707 5344 8249 2483 9068 9561 4413 7588 8835 7199 6497 1048 4413 250 9687 5402 3450 6359 3429 6766 4853 5845 3960 2700 5281 4887 2075 5354 7507 5026 9775 6480 8338 3848 8676 1199 3029 9517 2699 9672 2798 4394 6241 6329 137 4363 1322 6580 9815 6796 995 7947 8608 8157 852 9263 5107 5968 4166 5132 4538 617 7317 
6289 8683 5259 1497 8195 7714 3610 818 9922 2251 4988 6506 7504 5779 2294 6029 8882 1586 9035 4635 1559 244 2831 5085 2663 7574 6196 41 1422 6708 7404 6563 6467 9363 4961 7689 8299 5475 3139 1204 1111 9939 2837 7975 9635 9689 9868 8340 2723 8874 6298 9955 5207 6166 7450 9677 8140 2334 7550 3915 3456 2655 3252 4037 2685 5205 917 8404 7908 7054 8229 1945 9168 7198 1396 8630 6964 4034 8941 6190 7355 2619 4517 9720 7161 2647 1834 9764 4799 5243 4319 1742 9209 5167 1212 2778 1704 5345 4490 2714 
2814 1703 104 1373 7415 1491 8315 6050 1316 3459 5351 6238 3543 1131 5793 195 499 4206 5663 8546 6703 9563 8761 8301 1862 6384 3565 8648 6035 5033 7983 2809 9141 9458 2236 5956 3984 8507 907 105 661 2672 8026 8384 1394 4313 1563 5351 6011 3537 4661 6174 1156 5113 6326 8562 3132 8240 5111 8583 900 2952 5319 267 2911 720 1777 1779 85 7786 678 9075 8016 3659 9372 2812 3103 2783 2272 4870 4588 8120 8150 9377 3108 4270 256 975 7910 1564 7929 901 4597 5059 2946 8848 9716 1690 2267 9020 
4536 8747 6715 8140 7876 5157 1514 5793 7859 117 1080 7123 8134 4776 1528 4023 3779 4965 9613 1472 692 5915 4781 4335 9297 3911 8226 1193 9829 1804 3606 6797 678 5016 6120 2372 6099 5734 3565 7675 3882 101 3432 6685 6800 5726 6551 3346 9575 9788 8206 850 4812 4676 2995 1992 5621 729 7552 2346 9867 1327 9567 1700 5560 1424 1337 5549 1217 4281 1173 8958 160 824 3832 8315 4107 562 8971 7360 1072 2235 1103 4374 7176 7766 8366 1927 3751 1158 7754 8032 8502 34 4553 5594 4326 6106 2463 3347 
