100
0 1 0 1 1 0 0 0 0 1 1 1 1 1 1 1 1 1 1 0 0 0 0 0 0 1 1 1 1 0 0 1 0 0 0 0 1 0 1 0 1 1 0 0 0 0 1 1 0 0 1 0 1 1 0 0 0 0 1 0 1 0 1 0 0 0 0 1 1 1 0 0 1 0 0 0 0 0 1 1 0 0 0 0 0 1 1 1 1 0 1 0 0 1 1 0 0 1 0 0 
10 47 641
80 19 321
43 31 882
41 22 756
69 30 254
63 1 714
57 81 333
6 55 939
54 83 587
96 43 896
18 99 879
86 82 162
79 37 631
1 11 274
60 87 18
40 36 919
23 62 479
34 27 730
100 4 839
12 6 575
29 94 723
98 8 712
73 14 364
46 97 603
94 40 845
85 96 123
3 65 918
8 52 422
27 33 10
64 85 559
53 60 563
89 68 29
13 41 555
4 93 84
22 72 754
52 63 376
97 39 546
9 17 587
19 59 501
31 7 225
5 29 92
74 16 14
49 70 401
67 48 747
35 74 172
88 46 790
44 57 378
11 18 893
91 2 752
32 75 186
66 54 131
42 35 85
68 5 779
28 66 992
16 92 636
26 98 837
14 69 387
65 88 765
83 24 505
61 49 277
77 100 134
45 64 505
55 71 909
50 15 774
82 50 388
99 84 157
76 34 892
15 32 773
56 80 516
62 13 75
71 28 462
93 3 42
72 86 731
30 44 610
51 58 589
17 38 311
38 61 624
47 90 544
25 20 280
75 25 95
7 9 837
78 12 377
20 42 285
92 89 361
87 45 224
70 23 520
2 73 262
95 91 807
48 21 344
24 56 94
21 76 509
81 95 127
59 79 36
39 77 726
37 10 520
84 51 6
90 26 271
36 53 559
33 78 106
